0.02505526897568089  0.004962984723854258
0.06565101035566023  0.012269157028882482
0.09261606484893115  0.02399565217391303
0.15229476787030194  0.03335832956702528
0.20338983050847403  0.040540540540540515
0.2711864406779654  0.04729729729729726
0.3389830508474585  0.05270270270270272
0.4151384356248027  0.05934203458116499
0.49516580692704437  0.06641640553597072
0.5947156159978562  0.074142078837731
0.7006632277081799  0.08230564042303173
0.8188946204863683  0.08979493479493478
0.9483861459100957  0.09692802585193888
1.106028002947678  0.103933728293511
1.2861901252763452  0.110214982373678
1.4663522476050126  0.1165105757931845
1.6465143699336764  0.12234606345475907
1.8266764922623437  0.128069330199765
2.006838614591011  0.13302107814336075
2.187000736919675  0.13654200940070504
2.3671628592483422  0.13971225029377204
2.5473249815770096  0.14361192714453586
2.7274871039056734  0.14734327262044655
2.9076492262343407  0.14984820379385597
3.087811348563008  0.15166377790834312
3.2645954310980123  0.15389510379945165
3.4481355932203392  0.1564051116333725
3.6282977155490066  0.15867758519388955
3.808459837877674  0.16078172737955349
3.978970417938733  0.1620562363605842
4.170660771309262  0.16318699569134354
4.3489462048636724  0.1648357079905993
4.529108327192336  0.16654707696827262
4.709270449521004  0.16790775558166862
4.889432571849671  0.16876344007050528
5.069594694178338  0.17008203584018802
5.249756816507002  0.17047480904817863
5.4299189388356695  0.17200381903642775
5.610081061164337  0.1730699177438308
5.790243183493001  0.17417809929494713
5.970405305821668  0.17476725910693303
6.150567428150335  0.17395365746180963
6.330729550478999  0.17472517626321976
6.5108916728076665  0.1756089159811986
6.685423728813561  0.17618965922444182
6.871215917464998  0.17631029670975323
7.051378039793665  0.17635237955346653
7.231540162122332  0.17828819036427732
7.422962417096539  0.17859345797661014
7.603124539425206  0.17942442714453585
7.783286661753873  0.17935428907168038
7.963448784082537  0.1794805376028202
8.143986244166054  0.18002013317665494
8.323773028739872  0.17999955934195067
8.503935151068536  0.18061677438307874
8.684097273397203  0.18082718860164512
8.86425939572587  0.1816969007050529
9.044421518054538  0.18214578437132786
9.224958978138055  0.18163611437524482
9.404745762711869  0.1818371768507638
9.584907885040536  0.18203356345475913
9.763193318594947  0.1824590677634156
9.911451731761243  0.18267602820211515
