0.0 0.0
0.07682419659735329  0.0038124795684864043
0.2501323251417764  0.0027588264138607155
0.42452362948960287  0.003211507028440641
0.5967485822306235  0.0050534488394899935
0.7700567107750471  0.006083687479568445
0.9433648393194702  0.008003677672441922
1.1166729678638938  0.010907077476299376
1.289981096408317  0.01455974174566843
1.4632892249527405  0.01854020921869881
1.636597353497164  0.022099215429879138
1.8099054820415876  0.02645431513566532
1.9832136105860112  0.030106979405034373
2.1565217391304348  0.0341811049362537
2.3298298676748574  0.03811474338018961
2.503137996219281  0.04190789473684209
2.6764461247637046  0.045841533180777994
2.849754253308128  0.049634684537430473
3.0230623818525517  0.05347466492317743
3.1963705103969753  0.05722098725073543
3.369678638941398  0.06100744874608899
3.5429867674858215  0.06447948676037929
3.716294896030245  0.0680384929715594
3.8896030245746687  0.07150384112455055
4.062911153119092  0.07482870219025828
4.236219281663516  0.07810673422687153
4.4095274102079385  0.08147842432167374
4.582835538752362  0.08485011441647594
4.756143667296786  0.08803448839490025
4.929451795841209  0.09107837528604112
5.102759924385633  0.094122262177182
5.276068052930056  0.09683834586466156
5.44937618147448  0.09960125858123559
5.6226843100189035  0.10255148741418774
5.795992438563327  0.10517391304347834
5.969300567107751  0.10798365478914684
6.142608695652172  0.11062169009480227
6.315916824196596  0.11341582216410595
6.4892249527410195  0.11617873488067998
6.662533081285443  0.11697482837528606
6.835841209829867  0.11837969924812031
7.00914933837429  0.12334357633213466
7.182457466918714  0.12605966001961422
7.355765595463137  0.12840111147433797
7.529073724007561  0.1307893919581562
7.7023818525519845  0.13299035632559653
7.875689981096408  0.13514449166394238
8.04899810964083  0.13711131088591033
8.222306238185254  0.13912495913697276
8.395614366729678  0.1411519871106337
8.568922495274101  0.14310542661000336
8.742230623818525  0.14516590389016026
8.915538752362949  0.14722638117031717
9.088846880907372  0.1490527133050017
9.262155009451796  0.15106636155606412
9.43546313799622  0.15326732592350445
9.608771266540643  0.1550468290290945
9.782079395085066  0.15696681922196798
9.917476370510396  0.158392502996622
