0.0 1.0
0.01086956521739113  0.9894736842105263
0.14130434782608647  0.9624060150375939
0.23913043478260843  0.9398496240601504
0.35844990548204114  0.9190624387054593
0.4884310018903588  0.8957728015691402
0.6292438563327027  0.8705499972404189
0.7917202268430996  0.8473671951618176
0.9650283553875232  0.8233907322654462
1.1383364839319468  0.8030201046093495
1.3116446124763703  0.7845694671461262
1.4849527410207939  0.767711016672115
1.6582608695652166  0.7525384112455051
1.8315689981096401  0.737272147760706
2.0048771266540637  0.7235044132069304
2.1781852551984873  0.7117971559333116
2.351493383742911  0.7006518470088264
2.5248015122873344  0.6894128800261523
2.698109640831758  0.6785953743053286
2.8714177693761807  0.6683866459627329
3.044725897920604  0.6595493391864755
3.218034026465028  0.6512003922850604
3.3913421550094514  0.642677508989866
3.564650283553875  0.6343419418110493
3.7379584120982985  0.6259127165740438
3.911266540642721  0.6186073880353057
4.084574669187145  0.6122854691075514
4.257882797731568  0.6063381824125531
4.431190926275992  0.5998289473684211
4.604499054820415  0.5935538574697613
4.777807183364839  0.5873255966001961
4.951115311909262  0.5817529421379536
5.124423440453685  0.5766954069957503
5.297731568998109  0.5717315299117358
5.471039697542532  0.5668144818568159
5.644347826086956  0.5621315789473684
5.8176559546313795  0.5573081889506375
5.990964083175803  0.5533745505067015
6.164272211720227  0.5500028604118993
6.33758034026465  0.5462097090552468
6.510888468809074  0.5416053005183767
6.684196597353496  0.5376868257600523
6.857504725897919  0.5342683066361557
7.030812854442343  0.5306156423667865
7.204120982986766  0.5264478587773782
7.37742911153119  0.5227015364498202
7.550737240075613  0.5197044785877738
7.724045368620037  0.51736302713305
7.897353497164461  0.5144127983000981
8.070661625708883  0.5109340704245084
8.243969754253307  0.5079503922850604
8.41727788279773  0.5050001634521085
8.590586011342154  0.5015816443282118
8.763894139886578  0.4986782445243544
8.937202268431001  0.4960089898659693
9.110510396975425  0.4933397352075841
9.283818525519848  0.49099828375286036
9.457126654064272  0.488890977443609
9.62574102079395  0.48648708728342593
9.803742911153119  0.4843485616214449
9.928308128544423  0.4825623686545556
