0.0566298035651176  0.9838770006204509
0.13008130081300884  0.9714285714285714
0.19512195121951326  0.9578947368421052
0.2745718050065884  0.937589705489019
0.332862697571076  0.9229372063699621
0.41887343272409794  0.9075149510605157
0.5141887592788983  0.8910982238204206
0.620412395428303  0.8737735643456467
0.7318987410609901  0.8578532954459728
0.8104832601121053  0.8467048988931958
0.9138776952986931  0.8328970251716248
1.0327041357370104  0.8170262414930607
1.1515305761753276  0.8034883949002942
1.2703570166136453  0.7914025860812393
1.3891834570519626  0.7798657513348588
1.5080098974902798  0.768664625991857
1.626836337928597  0.7577662337662338
1.7456627783669152  0.7469965031154961
1.8644892188052324  0.7363100240720378
1.9833156592435497  0.7263652411661565
2.102142099681867  0.7176465273856578
2.220968540120184  0.7100054894435411
2.3397949805585014  0.7024568932211952
2.4586214209968196  0.6946917887604386
2.577447861435137  0.6868683000556162
2.696274301873454  0.6795021545959761
2.8151007423117713  0.672486314600731
2.9339271827500886  0.6656067045083064
3.052753623188406  0.6596125887842135
3.171580063626724  0.6540271627685815
3.285005302226936  0.6493272311212814
3.4092329445033585  0.6424476210288568
3.5280593849416757  0.636550812378207
3.646885825379993  0.6310043091919522
3.76571226581831  0.6251464233706797
3.8845387062566283  0.6200378020149186
4.003365146694946  0.615542215221849
4.122191587133263  0.6112509732830098
4.24101802757158  0.6073003061012214
4.359844468009897  0.6029409492109721
4.4786709084482155  0.5983772474664923
4.597497348886533  0.5941541204790632
4.71632378932485  0.589862878540224
4.835150229763167  0.586116556212666
4.9539766702014845  0.581893429225237
5.072803110639802  0.5782833368004993
5.19162955107812  0.5751500490356326
5.310455991516436  0.571608071562305
5.4292824319547535  0.5677936342833367
5.5481088723930725  0.5617314036078338
5.66693531283139  0.5595517251627091
5.785761753269707  0.5558054028351511
5.904588193708024  0.5539662991470772
6.0234146341463415  0.5528764599245148
6.142241074584659  0.5505605515765698
6.261067515022976  0.5480402983743945
6.379893955461293  0.5456562750750393
6.501961117002473  0.5421074861065708
6.617546836337928  0.5390491247882553
6.736373276776245  0.5368694463431305
6.855199717214562  0.5342810781895451
6.974026157652881  0.5320332847930103
7.0928525980911985  0.529172456833784
7.211679038529516  0.526311628874558
7.330505478967833  0.5236551457695622
7.44933191940615  0.5213392374216173
7.5681583598444675  0.5195001337335433
7.686984800282785  0.5178653748996999
7.805811240721102  0.516094386163036
7.924637681159419  0.5143915123777824
8.043464121597736  0.5118712591756069
8.162290562036054  0.5092828910220215
8.281117002474373  0.5073075574311272
8.39994344291269  0.5029482005408779
8.518769883351007  0.5009728669499837
8.637596323789325  0.4998149127760112
8.756422764227642  0.4986569586020386
8.875249204665959  0.49695408481678505
8.994075645104276  0.495046866177301
9.112902085542594  0.49320776248922704
9.23172852598091  0.49170923355820384
9.350554966419228  0.4901425896757704
9.46458033855701  0.4888181322872399
9.591448568398725  0.4868117685518143
9.707034287734182  0.48551077297988054
9.825860728172499  0.4839441290974471
9.9284835630965  0.4825222294867604
