0.0800566861289056    0.0030281829644394076
0.17943761393165936    0.007802388647034364
0.22661164333087847    0.0128945113425879
0.25729550478997787    0.016490925431695502
0.2981134856300667    0.020236536278356476
0.30468189633996623    0.014249201670351208
0.3628592483419322    0.018905418683237418
0.39715147048971744    0.02387576204193742
0.46420044215180667    0.029012211954032197
0.5317612380250569    0.03433484368672285
0.5993220338983072    0.03975473354710646
0.6687595185458122    0.04493084407177994
0.734955449855967    0.05007234306055236
0.8020044215180562    0.05491837884310252
0.8743291196644201    0.059906191350922344
0.9436222436369839    0.06483776659716228
1.0215770081061173    0.06948154713298416
1.1039167280766407    0.07415298054133723
1.1923556865634986    0.07885040862527959
1.3087103905674304    0.08373219461170822
1.4269417833456153    0.08888124095824906
1.5508032424465732    0.09347105915455217
1.674664701547531    0.09809352343567523
1.798526160648489    0.10256908033510836
1.922387619749447    0.10675535664960872
2.0462490788504084    0.11062650756202702
2.1701105379513663    0.1137880595474553
2.2939719970523242    0.11692920772987092
2.417833456153282    0.1196622798520367
2.54169491525424    0.12192606450491494
2.665556374355198    0.12404702253670563
2.789417833456156    0.12654488415192172
2.913279292557114    0.1293703401599496
3.0371407516580717    0.1320779075283497
3.1610022107590297    0.13361225622353112
3.2848636698599876    0.13552917622519686
3.4087251289609455    0.13716044298468766
3.5325865880619034    0.13858767171405345
3.6564480471628613    0.14118471848280253
3.7803095062638192    0.14272465393357067
3.904170965364777    0.14413730851792755
4.028032424465735    0.14586767946347903
4.151893883566693    0.14694804354163235
4.275755342667651    0.14723265930229826
4.399616801768609    0.14855786901660153
4.523478260869567    0.14974025210981737
4.647339719970525    0.1506012753055863
4.771201179071483    0.15210501829624898
4.8950626381724405    0.15345354664256655
5.018924097273398    0.1543677654676181
5.142785556374356    0.15506555823928708
5.266647015475314    0.1560183985486123
5.390508474576272    0.15667028276350312
5.51436993367723    0.15750580120550647
5.6382313927781915    0.15787203217822235
5.762092851879149    0.1585035125901007
5.885954310980107    0.15903297398691657
6.009815770081065    0.16013374186808235
6.133677229182023    0.16082643368899818
6.257538688282981    0.16094781902556407
6.381400147383939    0.16123243478622995
6.505261606484897    0.1617822999860583
6.629123065585855    0.16282185645818664
6.752984524686813    0.16324929883994
6.876845983787771    0.16379406308901523
7.000707442888729    0.16461427867875922
7.122316875460577    0.1644466908323209
7.248430361090644    0.16487745315490343
7.372291820191602    0.16550893356678179
7.49615327929256    0.16591597214552264
7.620014738393518    0.1653844357856886
7.743876197494476    0.16589349337949194
7.867737656595434    0.16589245589798285
7.991599115696392    0.16664635912793618
8.11546057479735    0.16719622432776454
8.239322033898308    0.16792972375470536
8.363183492999266    0.16819393571235874
8.487044952100224    0.1684377438669996
8.610906411201181    0.1692081644612964
8.73476787030214    0.16959285601769028
8.858629329403097    0.16949562917912223
8.982490788504055    0.1699434753638881
9.106352247605017    0.17016687971551647
9.230213706705975    0.17124724379366976
9.354075165806933    0.17073611123684818
9.47793662490789    0.1705310357252141
9.601798084008848    0.17124413134914246
9.725659543109806    0.17069219118629586
9.849521002210764    0.1704055004626118
9.95649226234341    0.17080039186201681
