0.08209261223047104    0.005327611518916031
0.20091905266878873    0.0034612618502778414
0.3276017866898049    0.005027905732711169
0.43249558147755485    0.008039579928080798
0.552537292329446    0.00829829916405922
0.6762248144220582    0.005300365538351892
0.7950512548603754    0.0061177449552736185
0.9138776952986931    0.007139469226425721
1.0327041357370104    0.009659722428601025
1.1515305761753276    0.011498826116675076
1.2703570166136453    0.014087194270260728
1.3891834570519626    0.016607447472436032
1.5080098974902798    0.019332045528841935
1.626836337928597    0.021920413682427586
1.7456627783669152    0.02457689678742314
1.8644892188052324    0.027301494843828822
1.9833156592435497    0.029753633094594223
2.102142099681867    0.03254634610241003
2.220968540120184    0.03527094415881593
2.3397949805585014    0.037995542215221834
2.4586214209968196    0.04049309043359384
2.577447861435137    0.043308508425213166
2.696274301873454    0.04589687657879882
2.8151007423117713    0.048553359683794595
2.9339271827500886    0.051277957740200275
3.052753623188406    0.0537982109423758
3.171580063626724    0.05638657909596123
3.286355602686462    0.058906832298136536
3.4092329445033585    0.06156331540313231
3.5280593849416757    0.06394733870248737
3.646885825379993    0.06633136200184264
3.76571226581831    0.06885161520401795
3.8845387062566283    0.07116752355196287
4.003365146694946    0.0734834318999078
4.122191587133263    0.0757312252964426
4.24101802757158    0.07811524859579788
4.359844468009897    0.08029492704092234
4.4786709084482155    0.08267895034027761
4.597497348886533    0.08492674373681242
4.71632378932485    0.0871064221819371
4.835150229763167    0.08928610062706177
4.9539766702014845    0.09119331926654572
5.072803110639802    0.09344111266308053
5.19162955107812    0.09541644625397483
5.310455991516436    0.097323664893459
5.4292824319547535    0.09923088353294296
5.5481088723930725    0.10100187226960688
5.671256274301873    0.10311343576332144
5.785761753269707    0.10495253945139527
5.904588193708024    0.10685975809087944
6.0234146341463415    0.10863074682754315
6.142241074584659    0.11060608041843745
6.261067515022976    0.1125132990579214
6.379893955461293    0.11387559808612435
6.4987203958996105    0.11591904662842878
6.617546836337928    0.11782626526791296
6.736373276776245    0.11980159885880703
6.855199717214562    0.12136824274124036
6.974026157652881    0.12307111652649416
7.0928525980911985    0.12477399031174774
7.211679038529516    0.1264087491455912
7.330505478967833    0.12804350797943465
7.44933191940615    0.12967826681327832
7.5681583598444675    0.13131302564712177
7.686984800282785    0.13281155457814497
7.805811240721102    0.13417385360634793
7.924637681159419    0.13574049748878125
8.043464121597736    0.13710279651698398
8.162290562036054    0.13846509554518716
8.281117002474373    0.13982739457338988
8.39994344291269    0.14118969360159284
8.518769883351007    0.142551992629796
8.637596323789325    0.14391429165799874
8.756422764227642    0.14534470563761182
8.875249204665959    0.1467751196172249
8.994075645104276    0.14813741864542784
9.112902085542594    0.14936348777081054
9.23172852598091    0.15072578679901327
9.350554966419228    0.15222431573003647
9.469381406857545    0.15372284466105968
9.588207847295863    0.15494891378644238
9.707034287734182    0.15617498291182486
9.825860728172499    0.15740105203720778
9.9284835630965    0.15865266426936908
