0.06196348153607012    0.014069352329484974
0.09564763902273121    0.022670208528351443
0.11643557621449929    0.02855046750735768
0.16949152542372836    0.033726523133302766
0.2033898305084758    0.037769125057260655
0.25138393515106827    0.042442139191512795
0.2952984524686819    0.04972353313151029
0.3628592483419322    0.054918981158756375
0.4122787193973654    0.05969972957482167
0.4848440186686318    0.06524885312726136
0.543533194881757    0.07034697962516678
0.6141649360219752    0.07515473810381701
0.6846391927895255    0.08020457028084144
0.7685552039533583    0.08606350220782999
0.8708163432408114    0.09128588101734758
0.9652763448784079    0.09642517103507336
1.0553574060427415    0.10186071870088087
1.1792188651436994    0.10618574087586613
1.3030803242446574    0.11044909822396931
1.4269417833456153    0.11461043655700992
1.5508032424465732    0.11891460151113797
1.674664701547531    0.12260665237489116
1.798526160648489    0.12650954253644012
1.922387619749447    0.13029171019683178
2.0462490788504084    0.13323392129987563
2.1701105379513663    0.13557932116480387
2.2939719970523242    0.13749624116646963
2.417833456153282    0.13992325624344787
2.54169491525424    0.14264612646410732
2.665556374355198    0.14534859288175428
2.789417833456156    0.1473675318984825
2.913279292557114    0.14895799105194832
3.0371407516580717    0.14989552850901416
3.1610022107590297    0.15169002569260492
3.2848636698599876    0.15303563920992072
3.4087251289609455    0.15460569456037404
3.5325865880619034    0.15662463357710227
3.6564480471628613    0.1575825748371806
3.7803095062638192    0.15911036516710797
3.9052969786293303    0.16024631355220895
4.028032424465735    0.16088487848067806
4.151893883566693    0.1616591855136439
4.275755342667651    0.16303103249197576
4.399616801768609    0.16371789465488806
4.523478260869567    0.16496148915714134
4.647339719970525    0.1659398342202322
4.771201179071483    0.16665292984416055
4.8950626381724405    0.16710077602892637
5.018924097273398    0.1680383134859922
5.142785556374356    0.16858817868582057
5.266647015475314    0.16872996782539895
5.390508474576272    0.1699021490171085
5.51436993367723    0.1706866579515806
5.6382313927781915    0.17129773456044647
5.762092851879149    0.1720312339873873
5.885954310980107    0.17294836764144061
6.009815770081065    0.17239642747859404
6.133677229182023    0.17184448731574747
6.256412675018428    0.17219069489533753
6.381400147383939    0.1728217948973292
6.505261606484897    0.17341246770318255
6.629123065585855    0.1739011214939734
6.752984524686813    0.17381846880041432
6.876845983787771    0.1741030845610802
6.996203389830512    0.17353430261506905
7.129072955047903    0.17474628851401147
7.248430361090644    0.1759363143876777
7.372291820191602    0.17603729592123113
7.49615327929256    0.17630150787888446
7.620014738393518    0.1770146035028128
7.743876197494476    0.17650347094599128
7.867737656595434    0.17680849050966962
7.991599115696392    0.17682785683117302
8.11546057479735    0.17727570301593887
8.239322033898308    0.17723385792840476
8.363183492999266    0.17721241664388315
8.487044952100224    0.177701070434674
8.610906411201181    0.1778224557712399
8.73476787030214    0.17812747533491827
8.858629329403097    0.17865693673173413
8.982490788504055    0.17883273220966672
9.106352247605017    0.17924657205607838
9.230213706705975    0.17832736343900682
9.354075165806933    0.17867319060871018
9.47793662490789    0.17887619115732606
9.601798084008848    0.17865071184267947
9.725659543109806    0.17903734661840784
9.849521002210764    0.1792811547730487
9.95649226234341    0.17932918152124125
