0.06779661016949134  0.0027027027027027306
0.20338983050847403  0.009459459459459474
0.30508474576271105  0.016216216216216217
0.421411938098748  0.02423131609870738
0.5205011053795126  0.03256933019976499
0.5988889518734766  0.03951839464882945
0.7006632277081799  0.0474011946729338
0.7975003684598363  0.05514817861339599
0.8977155490051594  0.06273181877529704
1.0103168754605747  0.07004091443221877
1.1510685335298447  0.07766610710088967
1.3143404568902  0.08482687034860947
1.4888725128960942  0.09165364277320798
1.6690346352247616  0.09833935974017499
1.8491967575534254  0.10496584900117512
2.0293588798820927  0.11077328143360754
2.20952100221076  0.11552864277320798
2.3896831245394274  0.11989123090481787
2.5698452468680912  0.12329994124559343
2.7500073691967586  0.12661708243569658
2.930169491525426  0.13073457696827262
3.1103316138540897  0.1340813320113592
3.290493736182757  0.1366682579318449
3.4706558585114244  0.13906698002350176
3.6508179808400882  0.1421390276145711
3.8309801031687556  0.14464997062279672
4.011142225497423  0.14700660987074032
4.19130434782609  0.14828312279670977
4.371466470154754  0.1497560223266745
4.551628592483421  0.15142530846063457
4.731790714812089  0.15371180963572267
4.911952837140753  0.15636302878965924
5.09211495946942  0.15738704465334902
5.272277081798087  0.15881786133960046
5.452439204126751  0.1597577115158637
5.604450994841564  0.16090517038777907
5.762711864406782  0.1608108108108108
5.898305084745765  0.1608108108108108
6.037966101694916  0.16355919506462985
6.218128224023584  0.16340489130434782
6.398290346352251  0.1634750293772033
6.578452468680915  0.16456918331374853
6.758614591009582  0.16552306110458284
6.93877671333825  0.166603187426557
7.118938835666917  0.16702401586368978
7.299100957995581  0.1675991480611046
7.479263080324248  0.16839872209165688
7.6594252026529155  0.1681662644787645
7.839587324981579  0.1685109430082256
8.019749447310247  0.1695069036427732
8.199911569638914  0.17047480904817863
8.380073691967578  0.17104994124559342
8.560235814296245  0.17166715628672152
8.740397936624912  0.17250881316098707
8.92056005895358  0.17274728260869565
9.100722181282244  0.17333644242068155
9.280884303610911  0.1742342097532315
9.461046425939578  0.17374324324324325
9.641208548268242  0.17444462397179789
9.82137067059691  0.17368713278495887
9.95649226234341  0.17416407168037604
